2794
3792
3525
4052
2889
4300
3267
3686
4051
2345
4314
3358
3179
4318
3805
4054
3160
4291
3801
4247
3335
2705
3263
4494
4329
3776
4257
3255
4363
3287
3882
3695
3085
3102
4333
3626
3690
4465
3409
3325
3226
3740
3030
4791
4133
3759
4460
2511
3968
3458
3759
3326
4869
3103
4430
3735
4101
3036
3350
4243
2598
4163
4445
4108
4329
4094
3986
4350
3894
4064
4886
4256
4047
3827
3284
4051
3622
3442
3218
3366
2341
3650
3754
3846
3494
3740
3175
2665
3848
3592
4405
4733
3512
3575
4004
2888
3397
3754
3452
3617
4830
3271
4297
4706
3455
3804
3355
3090
2940
4355
2105
3145
4113
4178
3018
3863
4020
4158
3068
3293
3748
3524
4087
4234
4193
3690
3173
3548
3901
3640
3661
3941
4074
2724
3652
3991
3419
3551
3752
2331
3051
3817
4019
3729
4962
3659
4854
4221
3598
3426
3682
3484
3880
4264
3274
3835
3444
4085
3599
3743
3718
3814
4623
3310
2613
4244
4433
4163
2864
3756
3574
3858
3763
2983
4322
2904
3249
3388
4151
3557
3377
3327
3900
3519
4114
3914
3404
3698
3699
3711
3445
3935
3295
2355
3749
3828
2952
3263
4442
3661
4184
3651
4108
3730
3149
3841
4125
4298
2795
3298
4119
4458
3669
3782
3941
3069
4123
3929
2657
3950
4306
4455
4089
3060
4724
3884
3929
4088
2990
4686
3323
2982
3993
3579
3754
3679
3895
3858
2950
3144
3432
4585
4237
4605
3946
3999
3308
4012
3957
4167
3475
4650
4041
4910
4009
3520
3760
3895
3409
2972
2628
3295
3647
3219
3196
3498
4037
3877
3369
3865
3559
3420
4267
3424
3115
2436
3942
3681
4105
4175
3319
2918
4012
3909
3898
4162
3772
3782
1712
4722
3892
4311
4986
3937
2283
3217
2491
3025
3880
4821
3307
3227
3793
2981
3909
3815
4743
3719
3260
2922
2992
4014
3807
3991
3665
4139
3900
4320
3612
3871
3150
3805
2700
4110
3984
3418
3395
2339
4325
3229
3651
4774
3949
4577
3490
4629
3819
3175
3627
3344
3373
4056
2432
3673
4008
2952
3821
3690
3014
2809
4180
3916
3231
3044
3218
3161
4151
4217
4178
4051
4116
3886
3790
4467
4603
4330
3420
4119
3022
3378
3487
4025
3147
2879
3724
3993
4683
4198
3463
2733
4439
2323
3699
3949
3435
3094
4103
3758
3579
4070
3412
3930
3133
2743
3498
1980
4106
3226
3052
3634
3216
3938
3403
4447
4647
4043
3300
3333
4135
4043
3071
4317
4164
3654
3568
4253
3172
3130
3391
3415
3885
3853
3201
3596
4409
4074
2797
3872
3381
3871
3796
2939
3090
2917
3270
3449
2836
4254
3968
3534
3446
3583
3953
2856
3417
4230
2691
4195
2774
2799
3537
3384
4139
3809
3503
2795
3688
3648
3086
4101
4736
3854
3180
3676
2749
4715
3715
3376
4124
4066
4655
4538
4434
3012
4115
3275
4296
3474
4002
3748
4052
2858
3637
3389
4260
3747
4190
3609
3956
4004
3692
4704
3141
2481
3901
3516
4293
3557
3400
3400
