2585
2763
2683
2603
2369
3497
7999
2274
4080
7999
2538
2627
2630
2480
4473
2573
2349
2426
2393
2274
2595
2349
2147
2555
2204
2193
2336
2360
3136
2539
2110
2014
2325
2129
2684
7999
2111
2691
2470
2356
2076
2947
2618
2111
2280
2442
2396
2071
2878
2559
2007
2529
2769
3088
3731
2520
2471
2229
2416
2327
2379
2674
2493
2706
2708
2290
2680
2408
2215
2070
2486
3099
2749
2002
3673
2216
2405
2324
2508
2065
2690
2856
2123
2414
2259
2549
3080
2753
2950
2659
2723
2379
1847
2606
2484
1925
2471
2416
2923
2452
2887
2958
2128
2276
2217
2387
2429
2591
2627
2539
2608
2455
2246
2228
2404
2112
2545
2293
2278
2262
1856
1909
2330
2296
3314
2359
3477
2276
2575
2549
2557
2172
4271
6643
2132
2462
2143
2507
2831
2489
3214
2537
2063
2189
2817
2442
2690
2376
2521
2924
2942
2540
2418
2449
1890
2920
2476
2360
2422
4053
2358
2541
2361
2364
2712
2333
2360
2003
2601
2510
2231
2393
3241
2243
2775
2458
2173
2285
2407
2256
2114
2843
2324
2826
2624
7999
2187
2534
2320
2693
2871
2725
2174
1902
2473
2467
2917
2596
2493
3300
2505
2719
2203
2298
2469
2364
7999
2550
7999
1917
2572
2657
2542
2627
2383
2249
2387
2361
2885
2265
2279
2076
2120
2167
2401
2293
2637
3002
2123
2479
2166
2145
2481
2562
3172
2177
2295
2083
2472
1947
2417
2168
2308
2619
2299
2353
7999
2337
2544
2347
2355
2803
2543
2703
2729
2345
7999
2494
2299
2301
2108
2257
2262
2701
2444
3356
2252
2378
2677
2241
2580
2319
2262
2793
2753
1886
3194
2222
2631
2394
2155
2688
2539
2080
2068
2542
2071
2686
2238
2256
2638
2172
3171
2478
2826
2626
2703
2781
2161
2479
2396
2157
2347
1978
2220
2133
2342
2803
2353
7999
3544
2751
2272
2522
2623
2534
2812
2752
2203
7999
2323
2533
2225
2219
2351
2376
2437
2472
2713
2385
2518
2327
2256
2346
2218
2441
2164
2292
2340
2470
3025
2088
2972
2825
2556
2391
2194
2052
2325
2615
2580
2523
2033
2588
2491
2927
2757
2377
3199
2465
2414
2363
2315
2757
2326
2460
2195
4039
3276
2510
2269
2275
2553
2368
7999
2395
2847
2586
2539
2364
2540
2352
2267
2088
2287
2610
1870
1971
2289
7999
2245
2398
2323
2082
2188
2719
2476
2461
3010
2320
2427
2648
2286
2512
2417
2675
2114
2398
2883
7999
2440
2170
2008
2512
2690
2586
2599
2443
2937
2731
2361
2416
2503
2547
2688
2364
2124
7999
2179
7999
2135
2431
2674
2443
2303
2604
2307
2625
2279
2453
2633
2249
2784
2529
2211
2439
2724
2269
2266
2215
2666
2271
2632
2953
2604
2947
2950
2450
2499
2218
2491
2101
2679
2487
3324
2384
2222
3302
2214
2790
2262
2045
1903
2403
2572
2019
2303
2384
3993
2769
3141
2355
2557
2457
2598
4420
2900
2312
2369
2447
2261
2812
2104
2956
2547
2631
2130
2329
2093
2941
