6778
4599
2754
4361
4361
3115
3053
5025
4129
4111
3153
3337
4485
3962
3151
3841
4939
3307
3303
4188
5038
4227
3278
3104
3989
4138
4296
3811
5941
3290
3531
3542
2862
2878
3989
3119
2474
2845
3621
3974
4456
5877
3320
4384
3492
3719
3649
3366
3637
4818
3657
4486
4618
3787
3940
3109
3679
4166
4776
3076
6482
2719
4816
5557
2959
3873
3165
4509
4810
3186
4761
3520
3949
3374
4918
3360
3991
4220
5094
2789
2873
5224
4071
3279
4911
7999
3407
7999
4229
3292
3995
3173
4046
7999
3787
3592
2947
3860
3517
3724
2764
4289
5600
7894
2169
3632
2507
5475
4246
3958
3571
4326
4265
3717
7999
4703
2975
2780
3714
3748
4032
4166
4139
4732
7999
3809
3439
4957
5136
4067
3758
3702
4449
3728
7999
5110
3490
3346
4239
4476
4223
6410
3848
3750
4581
7999
3808
4086
4534
3441
5582
4554
3703
3125
3996
3703
4420
7999
4557
4990
3690
3611
2997
3298
4266
6390
4407
7999
4087
5519
7999
3609
7999
4012
3717
3872
3969
3721
3159
3226
2997
4391
4823
3836
3379
4296
2821
3268
5412
7999
3954
5102
7999
3799
3182
3316
4075
3358
4457
3901
3886
7999
2976
3219
7999
4390
7999
3565
3883
5011
3376
3870
5394
4443
3679
3057
4306
3076
3969
6982
7999
7999
4409
4234
3356
3183
3720
4736
3767
3205
3681
4265
4199
3375
5064
4732
3246
3587
4793
3097
5497
3424
3382
4709
4209
4732
4750
7999
7999
4688
3987
2833
3232
3377
3375
3295
7999
3466
3928
3845
4435
3907
2648
4845
3671
2989
4092
4420
7999
5504
3391
3032
4804
3396
3764
7999
3337
3359
3254
3631
5598
4550
4333
3871
3748
4488
4076
7999
4406
3790
5677
3606
4645
7999
3957
3603
3919
2983
2840
2873
3491
3683
4569
6031
4716
4074
6779
5476
2735
3414
3797
3831
3106
4291
3590
7999
3532
3844
3693
3808
3568
4294
3251
4017
5237
2121
3204
3504
4540
7999
4021
7999
3944
7999
3880
4289
3326
5298
3636
4242
4365
5765
3701
5399
2658
4311
4087
5543
3593
4042
3624
3440
3745
3850
5688
4546
3419
3116
3445
2662
3155
4555
3412
7821
7999
4386
3033
3304
3203
3937
2853
4262
3485
4230
4687
2971
5423
4145
3910
4335
3654
5228
7999
6384
3661
3857
3892
4716
4242
4702
3732
3025
3919
6280
4336
3420
7999
6209
4257
3427
4528
4193
4409
7999
4272
6353
3626
4304
5437
5181
3815
4456
4865
3620
3416
5279
3349
7999
3855
3948
3227
3541
3780
3275
3592
3699
2805
4502
3525
7999
3525
4669
5545
3746
3031
3042
2406
3490
2719
3581
3014
6292
2798
4117
4263
4117
3211
3976
5520
5618
4759
6185
2883
2635
3529
2902
3931
4434
4652
3311
4355
4413
4229
3616
7999
2830
3671
4624
3566
3846
2917
3147
4448
5094
3148
3452
2873
7999
5954
2667
3329
3541
7999
3658
3377
4854
4842
3311
7999
7999
5345
3539
4267
3170
3879
4432
3293
4568
3308
3514
